8 9
0 0 0 1 0 1 1 0 1
1 1 0 1 0 0 0 0 0
0 0 0 1 0 1 0 1 0
0 1 0 1 1 1 0 1 0
0 1 0 0 0 0 0 1 1
0 0 0 0 1 1 0 1 0
1 1 1 0 1 1 0 0 0
0 0 1 0 0 0 0 1 1
7 0
0 1
cannot reach

0 0
6 8
distance of the best path: 14
best path:
(0,0)
(0,1)
(0,2)
(1,2)
(2,2)
(3,2)
(4,2)
(4,3)
(4,4)
(4,5)
(4,6)
(5,6)
(6,6)
(6,7)
(6,8)


7 5
3 8
distance of the best path: 11
best path:
(7,5)
(7,6)
(6,6)
(5,6)
(4,6)
(3,6)
(2,6)
(1,6)
(1,7)
(1,8)
(2,8)
(3,8)


3 0
0 7
distance of the best path: 14
best path:
(3,0)
(2,0)
(2,1)
(2,2)
(3,2)
(4,2)
(4,3)
(4,4)
(4,5)
(4,6)
(3,6)
(2,6)
(1,6)
(1,7)
(0,7)

